time,node,sf
100,pop11,b
100,pop11,c
100,pop11,e
100,pop11,d
100,pop11,a
100,pop14,e
100,pop14,a
100,pop14,b
100,pop14,c
100,pop14,d
100,pop17,d
100,pop17,e
100,pop17,a
100,pop17,b
100,pop18,a
100,pop18,b
100,pop18,e
100,pop18,d
100,pop18,c
100,pop19,c
100,pop19,b
100,pop19,d
100,pop19,a
100,pop20,b
100,pop20,a
100,pop20,d
100,pop20,c
100,pop20,e
100,pop22,b
100,pop22,a
100,pop22,e
100,pop22,c
100,pop24,e
100,pop24,d
100,pop24,a
100,pop24,c
100,pop24,b
100,pop27,d
100,pop27,b
100,pop27,a
100,pop27,c
100,pop27,e
100,pop29,b
100,pop29,c
100,pop29,a
100,pop29,d
100,pop30,b
100,pop30,c
100,pop30,d
100,pop30,e
100,pop31,b
100,pop31,c
100,pop31,a
100,pop32,b
100,pop32,a
100,pop32,e
100,pop32,c
100,pop36,a
100,pop36,c
100,pop36,e
100,pop36,b
100,pop37,b
100,pop37,e
100,pop37,a
100,pop38,d
100,pop38,b
100,pop38,a
100,pop38,c
100,pop38,e
100,pop42,a
100,pop42,c
100,pop42,d
100,pop42,b
100,pop46,a
100,pop46,c
100,pop46,b
100,pop48,b
100,pop48,c
100,pop48,d
100,pop48,e
100,pop48,a
100,pop52,b
100,pop52,a
100,pop52,d
100,pop52,c
100,pop54,b
100,pop54,a
100,pop54,c
100,pop54,d
100,pop55,d
100,pop55,e
100,pop55,a
100,pop55,c
100,pop55,b
100,pop57,b
100,pop57,a
100,pop57,c
100,pop59,b
100,pop59,a
100,pop59,c
100,pop60,d
100,pop60,c
100,pop60,b
100,pop60,e
100,pop60,a
100,pop63,a
100,pop63,c
100,pop63,d
100,pop63,b
100,pop63,e
100,pop64,b
100,pop64,a
100,pop64,c
100,pop64,d
100,pop64,e
100,pop65,a
100,pop65,d
100,pop65,b
100,pop65,c
100,pop66,d
100,pop66,e
100,pop72,b
100,pop72,c
100,pop72,d
100,pop72,a
100,pop72,e
100,pop15,c
100,pop15,b
100,pop15,a
100,pop15,e
100,pop34,d
100,pop34,b
100,pop34,a
100,pop34,e
100,pop53,b
100,pop53,c
100,pop53,e
100,pop53,a
100,pop41,c
100,pop41,a
100,pop41,e
100,pop21,a
100,pop21,b
100,pop21,d
100,pop21,c
100,pop2,b
100,pop2,c
100,pop2,e
100,pop23,c
100,pop23,a
100,pop10,c
100,pop10,b
100,pop10,d
100,pop5,a
100,pop5,c
100,pop5,e
100,pop5,d
100,pop9,e
100,pop9,d
100,pop9,c
100,pop58,a
100,pop58,b
100,pop68,c
100,pop68,d
100,pop68,a
100,pop68,e
100,pop68,b
100,pop44,b
100,pop44,a
100,pop44,c
100,pop44,e
100,pop44,d
100,pop6,c
100,pop6,b
100,pop71,c
100,pop71,a
100,pop26,b
100,pop26,a
100,pop26,c
100,pop13,a
100,pop7,d
100,pop7,b
100,pop7,e
100,pop67,d
100,pop3,a
100,pop3,e
100,pop62,a
100,pop61,a
100,pop61,c
100,pop61,b
100,pop51,d
100,pop51,c
100,pop51,e
100,pop1,c
100,pop1,b
100,pop45,a
100,pop45,c
100,pop45,b
100,pop16,c
100,pop16,b
100,pop16,a
100,pop33,c
100,pop0,c
100,pop0,b
100,pop49,e
100,pop43,a
200,pop11,d
200,pop11,e
200,pop11,b
200,pop11,a
200,pop11,c
200,pop14,b
200,pop14,d
200,pop14,e
200,pop17,b
200,pop17,c
200,pop17,a
200,pop17,d
200,pop17,e
200,pop18,b
200,pop18,a
200,pop18,c
200,pop19,e
200,pop19,b
200,pop19,a
200,pop19,c
200,pop20,d
200,pop20,e
200,pop20,b
200,pop20,a
200,pop22,a
200,pop22,b
200,pop22,d
200,pop22,e
200,pop24,a
200,pop24,e
200,pop24,b
200,pop24,c
200,pop27,b
200,pop27,e
200,pop27,a
200,pop27,c
200,pop29,a
200,pop29,d
200,pop29,b
200,pop29,c
200,pop30,b
200,pop30,c
200,pop30,a
200,pop30,d
200,pop30,e
200,pop31,b
200,pop31,c
200,pop31,d
200,pop31,e
200,pop31,a
200,pop32,a
200,pop32,c
200,pop32,b
200,pop32,d
200,pop32,e
200,pop36,a
200,pop36,b
200,pop36,c
200,pop36,d
200,pop37,b
200,pop37,c
200,pop37,d
200,pop37,a
200,pop37,e
200,pop38,a
200,pop38,b
200,pop38,c
200,pop42,c
200,pop42,b
200,pop42,a
200,pop42,d
200,pop46,b
200,pop46,a
200,pop46,c
200,pop46,d
200,pop46,e
200,pop48,d
200,pop48,a
200,pop48,b
200,pop48,c
200,pop48,e
200,pop52,c
200,pop52,a
200,pop52,d
200,pop52,b
200,pop52,e
200,pop54,e
200,pop54,a
200,pop54,b
200,pop54,c
200,pop55,b
200,pop55,c
200,pop55,a
200,pop55,e
200,pop55,d
200,pop57,b
200,pop57,c
200,pop57,d
200,pop57,e
200,pop57,a
200,pop59,a
200,pop59,b
200,pop60,a
200,pop60,b
200,pop60,c
200,pop63,b
200,pop63,c
200,pop63,a
200,pop63,d
200,pop64,b
200,pop64,a
200,pop64,c
200,pop64,e
200,pop64,d
200,pop65,c
200,pop65,e
200,pop65,b
200,pop65,d
200,pop65,a
200,pop66,d
200,pop66,e
200,pop72,b
200,pop72,a
200,pop72,c
200,pop72,d
200,pop15,a
200,pop15,d
200,pop15,b
200,pop15,e
200,pop15,c
200,pop34,e
200,pop34,b
200,pop34,a
200,pop53,a
200,pop53,b
200,pop53,c
200,pop41,c
200,pop41,a
200,pop21,d
200,pop21,e
200,pop21,c
200,pop21,b
200,pop21,a
200,pop2,c
200,pop2,b
200,pop2,a
200,pop23,d
200,pop23,a
200,pop23,c
200,pop23,b
200,pop10,c
200,pop10,a
200,pop10,b
200,pop5,c
200,pop5,e
200,pop5,a
200,pop5,d
200,pop5,b
200,pop9,e
200,pop9,c
200,pop9,b
200,pop35,e
200,pop58,c
200,pop68,b
200,pop68,a
200,pop44,c
200,pop44,a
200,pop6,a
200,pop6,c
200,pop71,b
200,pop71,d
200,pop71,e
200,pop71,c
200,pop13,b
200,pop13,a
200,pop7,b
200,pop7,c
200,pop67,a
200,pop67,d
200,pop3,c
200,pop62,b
200,pop62,a
200,pop1,c
200,pop1,b
200,pop1,e
200,pop45,c
200,pop45,a
200,pop45,e
200,pop45,d
200,pop16,e
200,pop0,c
200,pop0,a
200,pop49,c
200,pop47,c
200,pop4,e
300,pop11,a
300,pop11,d
300,pop11,b
300,pop14,b
300,pop14,d
300,pop14,c
300,pop14,a
300,pop17,a
300,pop17,c
300,pop17,d
300,pop18,a
300,pop18,c
300,pop18,b
300,pop19,a
300,pop19,c
300,pop19,b
300,pop20,c
300,pop20,b
300,pop20,a
300,pop22,b
300,pop22,a
300,pop22,c
300,pop22,e
300,pop22,d
300,pop24,a
300,pop24,d
300,pop24,c
300,pop27,b
300,pop27,a
300,pop27,c
300,pop27,d
300,pop27,e
300,pop29,a
300,pop29,d
300,pop29,e
300,pop30,b
300,pop30,a
300,pop30,d
300,pop30,e
300,pop30,c
300,pop31,b
300,pop31,a
300,pop31,c
300,pop32,c
300,pop32,b
300,pop32,a
300,pop32,d
300,pop36,a
300,pop36,c
300,pop36,b
300,pop36,d
300,pop37,a
300,pop37,d
300,pop37,b
300,pop37,e
300,pop37,c
300,pop38,a
300,pop38,b
300,pop38,c
300,pop42,a
300,pop42,c
300,pop42,d
300,pop42,e
300,pop42,b
300,pop46,b
300,pop46,a
300,pop46,c
300,pop46,e
300,pop48,d
300,pop48,b
300,pop48,c
300,pop48,e
300,pop48,a
300,pop52,a
300,pop52,b
300,pop52,c
300,pop54,e
300,pop54,b
300,pop54,d
300,pop54,c
300,pop54,a
300,pop55,b
300,pop55,a
300,pop55,d
300,pop55,e
300,pop55,c
300,pop57,e
300,pop57,d
300,pop57,b
300,pop57,a
300,pop57,c
300,pop59,d
300,pop59,e
300,pop59,c
300,pop59,b
300,pop59,a
300,pop60,d
300,pop60,e
300,pop60,a
300,pop63,c
300,pop63,b
300,pop63,a
300,pop63,d
300,pop64,a
300,pop64,b
300,pop64,c
300,pop65,e
300,pop65,a
300,pop65,b
300,pop65,c
300,pop65,d
300,pop66,c
300,pop66,b
300,pop66,a
300,pop66,d
300,pop66,e
300,pop72,b
300,pop72,c
300,pop72,a
300,pop15,b
300,pop15,c
300,pop15,d
300,pop15,a
300,pop34,d
300,pop34,e
300,pop53,e
300,pop53,d
300,pop53,a
300,pop41,c
300,pop41,d
300,pop41,b
300,pop21,c
300,pop21,a
300,pop21,b
300,pop2,a
300,pop2,b
300,pop23,c
300,pop23,b
300,pop23,e
300,pop10,a
300,pop10,b
300,pop10,c
300,pop5,c
300,pop5,b
300,pop5,e
300,pop9,e
300,pop9,b
300,pop68,c
300,pop68,a
300,pop68,b
300,pop44,e
300,pop44,a
300,pop44,c
300,pop44,b
300,pop6,a
300,pop6,b
300,pop6,c
300,pop6,e
300,pop71,b
300,pop26,c
300,pop13,c
300,pop13,b
300,pop13,a
300,pop7,b
300,pop7,e
300,pop3,b
300,pop3,c
300,pop62,c
300,pop62,b
300,pop62,a
300,pop61,b
300,pop51,a
300,pop51,c
300,pop1,b
300,pop45,c
300,pop45,a
300,pop45,b
300,pop45,e
300,pop16,c
300,pop16,b
300,pop16,e
300,pop70,c
300,pop33,a
300,pop0,a
300,pop0,b
400,pop11,b
400,pop11,a
400,pop11,c
400,pop11,d
400,pop14,b
400,pop14,c
400,pop14,a
400,pop17,b
400,pop17,a
400,pop17,c
400,pop17,d
400,pop18,b
400,pop18,a
400,pop18,c
400,pop18,d
400,pop18,e
400,pop19,b
400,pop19,a
400,pop19,d
400,pop19,c
400,pop20,c
400,pop20,a
400,pop20,b
400,pop22,a
400,pop22,c
400,pop22,e
400,pop24,a
400,pop24,b
400,pop24,d
400,pop24,c
400,pop24,e
400,pop27,b
400,pop27,e
400,pop27,a
400,pop27,c
400,pop29,b
400,pop29,a
400,pop29,c
400,pop30,b
400,pop30,c
400,pop30,a
400,pop30,d
400,pop31,d
400,pop31,e
400,pop31,c
400,pop32,b
400,pop32,c
400,pop32,a
400,pop36,a
400,pop36,b
400,pop36,c
400,pop36,d
400,pop36,e
400,pop37,a
400,pop37,b
400,pop37,c
400,pop38,a
400,pop38,b
400,pop38,c
400,pop42,b
400,pop42,c
400,pop42,d
400,pop42,a
400,pop42,e
400,pop46,b
400,pop46,d
400,pop46,e
400,pop46,c
400,pop46,a
400,pop48,c
400,pop48,b
400,pop48,a
400,pop48,d
400,pop52,b
400,pop52,a
400,pop52,c
400,pop54,a
400,pop54,d
400,pop54,b
400,pop54,c
400,pop55,a
400,pop55,b
400,pop55,c
400,pop57,a
400,pop57,c
400,pop57,b
400,pop59,a
400,pop59,c
400,pop59,d
400,pop59,b
400,pop60,e
400,pop60,b
400,pop60,a
400,pop60,c
400,pop63,b
400,pop63,a
400,pop63,c
400,pop63,d
400,pop63,e
400,pop64,b
400,pop64,a
400,pop65,b
400,pop65,a
400,pop65,d
400,pop65,c
400,pop65,e
400,pop66,b
400,pop66,a
400,pop66,c
400,pop72,c
400,pop72,d
400,pop72,e
400,pop72,b
400,pop72,a
400,pop15,a
400,pop15,b
400,pop34,b
400,pop34,c
400,pop34,a
400,pop53,a
400,pop53,b
400,pop53,e
400,pop53,c
400,pop41,c
400,pop41,b
400,pop41,a
400,pop21,e
400,pop21,c
400,pop21,a
400,pop21,b
400,pop2,c
400,pop2,e
400,pop2,a
400,pop2,b
400,pop23,b
400,pop23,a
400,pop23,d
400,pop23,e
400,pop10,b
400,pop10,d
400,pop5,c
400,pop5,e
400,pop5,b
400,pop5,a
400,pop9,b
400,pop9,e
400,pop9,a
400,pop35,a
400,pop35,c
400,pop58,c
400,pop58,a
400,pop58,b
400,pop44,a
400,pop44,c
400,pop44,e
400,pop44,b
400,pop6,c
400,pop6,b
400,pop6,e
400,pop71,c
400,pop13,c
400,pop13,a
400,pop7,c
400,pop7,b
400,pop7,d
400,pop67,a
400,pop67,c
400,pop3,e
400,pop3,c
400,pop3,a
400,pop62,e
400,pop62,c
400,pop1,d
400,pop1,c
400,pop1,e
400,pop1,a
400,pop45,c
400,pop45,a
400,pop45,e
400,pop45,b
400,pop16,a
400,pop16,c
400,pop0,c
400,pop0,b
400,pop49,a
500,pop11,b
500,pop11,a
500,pop11,c
500,pop11,d
500,pop11,e
500,pop14,b
500,pop14,a
500,pop14,c
500,pop14,d
500,pop14,e
500,pop17,b
500,pop17,a
500,pop17,c
500,pop17,d
500,pop17,e
500,pop18,d
500,pop18,e
500,pop18,b
500,pop18,a
500,pop18,c
500,pop19,b
500,pop19,c
500,pop19,d
500,pop19,e
500,pop19,a
500,pop20,b
500,pop20,a
500,pop20,c
500,pop20,d
500,pop20,e
500,pop22,a
500,pop22,c
500,pop22,d
500,pop22,b
500,pop22,e
500,pop24,b
500,pop24,d
500,pop24,e
500,pop24,c
500,pop27,e
500,pop27,a
500,pop27,c
500,pop27,b
500,pop29,b
500,pop29,d
500,pop29,a
500,pop29,e
500,pop29,c
500,pop30,a
500,pop30,b
500,pop30,c
500,pop31,b
500,pop31,c
500,pop31,a
500,pop32,b
500,pop32,c
500,pop32,d
500,pop32,a
500,pop32,e
500,pop36,b
500,pop36,a
500,pop36,c
500,pop37,a
500,pop37,b
500,pop37,c
500,pop37,d
500,pop37,e
500,pop38,a
500,pop38,b
500,pop38,d
500,pop38,c
500,pop38,e
500,pop42,b
500,pop42,a
500,pop42,c
500,pop42,d
500,pop46,a
500,pop46,d
500,pop46,b
500,pop46,c
500,pop48,b
500,pop48,e
500,pop48,a
500,pop48,c
500,pop52,a
500,pop52,b
500,pop52,c
500,pop54,a
500,pop54,d
500,pop54,c
500,pop54,b
500,pop55,a
500,pop55,c
500,pop55,d
500,pop55,b
500,pop57,b
500,pop57,a
500,pop57,e
500,pop57,c
500,pop57,d
500,pop59,b
500,pop59,d
500,pop59,e
500,pop59,a
500,pop60,a
500,pop60,e
500,pop60,b
500,pop60,d
500,pop60,c
500,pop63,d
500,pop63,b
500,pop63,c
500,pop63,e
500,pop63,a
500,pop64,d
500,pop64,b
500,pop64,e
500,pop64,a
500,pop64,c
500,pop65,b
500,pop65,a
500,pop65,c
500,pop65,d
500,pop66,a
500,pop66,e
500,pop66,b
500,pop66,d
500,pop66,c
500,pop72,c
500,pop72,a
500,pop72,b
500,pop72,d
500,pop15,c
500,pop15,a
500,pop34,b
500,pop34,c
500,pop53,c
500,pop53,b
500,pop53,d
500,pop53,a
500,pop41,b
500,pop41,c
500,pop21,e
500,pop21,a
500,pop21,d
500,pop2,c
500,pop2,e
500,pop2,b
500,pop23,c
500,pop23,b
500,pop10,a
500,pop10,c
500,pop10,d
500,pop10,e
500,pop5,b
500,pop5,c
500,pop5,a
500,pop9,c
500,pop35,b
500,pop58,b
500,pop58,c
500,pop68,c
500,pop68,a
500,pop44,c
500,pop44,b
500,pop44,e
500,pop6,c
500,pop6,b
500,pop71,c
500,pop26,b
500,pop13,e
500,pop7,e
500,pop7,b
500,pop7,a
500,pop7,d
500,pop7,c
500,pop67,a
500,pop3,b
500,pop3,a
500,pop62,e
500,pop62,b
500,pop62,d
500,pop62,a
500,pop61,c
500,pop1,d
500,pop1,b
500,pop1,e
500,pop45,a
500,pop45,b
500,pop45,c
500,pop16,a
500,pop16,b
500,pop70,b
500,pop0,c
500,pop49,a
500,pop49,c
500,pop47,b
500,pop47,c
500,pop4,b
600,pop11,b
600,pop11,c
600,pop14,b
600,pop14,d
600,pop14,a
600,pop14,e
600,pop17,b
600,pop17,d
600,pop17,a
600,pop17,e
600,pop17,c
600,pop18,b
600,pop18,a
600,pop18,c
600,pop18,d
600,pop19,b
600,pop19,c
600,pop19,a
600,pop19,e
600,pop19,d
600,pop20,c
600,pop20,b
600,pop20,a
600,pop22,e
600,pop22,d
600,pop24,a
600,pop24,b
600,pop24,c
600,pop27,d
600,pop27,b
600,pop27,e
600,pop27,a
600,pop27,c
600,pop29,b
600,pop29,c
600,pop29,d
600,pop29,e
600,pop30,e
600,pop30,a
600,pop30,d
600,pop30,b
600,pop31,b
600,pop31,c
600,pop31,d
600,pop31,e
600,pop31,a
600,pop32,b
600,pop32,a
600,pop32,c
600,pop36,e
600,pop36,a
600,pop36,d
600,pop36,b
600,pop37,d
600,pop37,e
600,pop37,c
600,pop37,a
600,pop37,b
600,pop38,d
600,pop38,b
600,pop38,e
600,pop38,a
600,pop42,b
600,pop42,a
600,pop42,c
600,pop42,d
600,pop42,e
600,pop46,b
600,pop46,c
600,pop46,a
600,pop48,a
600,pop48,b
600,pop48,d
600,pop48,c
600,pop48,e
600,pop52,b
600,pop52,a
600,pop52,c
600,pop54,a
600,pop54,b
600,pop54,d
600,pop54,c
600,pop54,e
600,pop55,b
600,pop55,a
600,pop55,c
600,pop55,d
600,pop55,e
600,pop57,c
600,pop57,e
600,pop57,b
600,pop57,a
600,pop59,b
600,pop59,d
600,pop59,a
600,pop59,c
600,pop59,e
600,pop60,b
600,pop60,a
600,pop60,c
600,pop63,d
600,pop63,a
600,pop63,e
600,pop63,b
600,pop63,c
600,pop64,a
600,pop64,c
600,pop64,e
600,pop64,b
600,pop64,d
600,pop65,d
600,pop65,c
600,pop65,e
600,pop65,b
600,pop66,b
600,pop66,e
600,pop66,a
600,pop66,d
600,pop66,c
600,pop72,d
600,pop72,e
600,pop72,a
600,pop72,b
600,pop15,b
600,pop15,a
600,pop15,c
600,pop34,c
600,pop53,c
600,pop53,a
600,pop53,d
600,pop53,e
600,pop41,a
600,pop41,b
600,pop41,c
600,pop41,e
600,pop21,a
600,pop21,b
600,pop21,c
600,pop21,d
600,pop21,e
600,pop2,b
600,pop2,a
600,pop23,a
600,pop23,c
600,pop23,e
600,pop23,b
600,pop23,d
600,pop10,b
600,pop10,c
600,pop10,a
600,pop10,d
600,pop10,e
600,pop5,c
600,pop5,a
600,pop5,b
600,pop9,b
600,pop9,d
600,pop9,c
600,pop9,e
600,pop9,a
600,pop35,d
600,pop58,c
600,pop58,b
600,pop58,a
600,pop58,d
600,pop58,e
600,pop44,c
600,pop44,d
600,pop44,b
600,pop44,a
600,pop6,c
600,pop6,b
600,pop6,e
600,pop71,e
600,pop71,c
600,pop13,e
600,pop7,a
600,pop7,b
600,pop67,c
600,pop3,b
600,pop3,e
600,pop62,c
600,pop62,d
600,pop62,e
600,pop61,b
600,pop61,c
600,pop51,c
600,pop51,b
600,pop1,a
600,pop1,c
600,pop1,b
600,pop45,c
600,pop45,a
600,pop45,b
600,pop16,e
600,pop16,c
600,pop70,a
600,pop70,c
600,pop33,e
600,pop0,c
600,pop56,b
600,pop56,c
700,pop11,a
700,pop11,e
700,pop11,b
700,pop14,a
700,pop14,c
700,pop14,b
700,pop14,d
700,pop17,c
700,pop17,d
700,pop17,b
700,pop17,e
700,pop17,a
700,pop18,b
700,pop18,c
700,pop18,d
700,pop18,a
700,pop18,e
700,pop19,b
700,pop19,c
700,pop19,d
700,pop19,a
700,pop20,c
700,pop20,d
700,pop20,b
700,pop20,e
700,pop20,a
700,pop22,a
700,pop22,b
700,pop22,c
700,pop24,e
700,pop24,a
700,pop24,b
700,pop24,c
700,pop24,d
700,pop27,a
700,pop27,c
700,pop27,b
700,pop27,d
700,pop27,e
700,pop29,b
700,pop29,c
700,pop29,a
700,pop30,b
700,pop30,a
700,pop30,c
700,pop31,a
700,pop31,b
700,pop31,c
700,pop31,d
700,pop32,b
700,pop32,c
700,pop32,d
700,pop36,b
700,pop36,c
700,pop36,a
700,pop37,a
700,pop37,c
700,pop37,d
700,pop37,e
700,pop37,b
700,pop38,e
700,pop38,a
700,pop38,d
700,pop38,c
700,pop38,b
700,pop42,b
700,pop42,a
700,pop42,e
700,pop42,c
700,pop42,d
700,pop46,a
700,pop46,c
700,pop46,b
700,pop46,d
700,pop46,e
700,pop48,b
700,pop48,a
700,pop48,c
700,pop48,d
700,pop52,a
700,pop52,c
700,pop52,b
700,pop52,d
700,pop52,e
700,pop54,b
700,pop54,d
700,pop54,c
700,pop54,e
700,pop54,a
700,pop55,a
700,pop55,c
700,pop55,b
700,pop55,d
700,pop55,e
700,pop57,d
700,pop57,e
700,pop57,a
700,pop57,b
700,pop57,c
700,pop59,b
700,pop59,a
700,pop59,e
700,pop59,c
700,pop60,c
700,pop60,e
700,pop60,d
700,pop60,b
700,pop60,a
700,pop63,c
700,pop63,b
700,pop63,d
700,pop63,e
700,pop64,a
700,pop64,b
700,pop64,c
700,pop65,d
700,pop65,b
700,pop65,c
700,pop65,e
700,pop65,a
700,pop66,a
700,pop66,b
700,pop66,c
700,pop66,d
700,pop72,b
700,pop72,c
700,pop72,d
700,pop72,a
700,pop72,e
700,pop15,a
700,pop15,c
700,pop15,e
700,pop15,d
700,pop34,a
700,pop34,b
700,pop53,b
700,pop53,c
700,pop53,a
700,pop53,e
700,pop53,d
700,pop41,e
700,pop41,d
700,pop41,c
700,pop21,a
700,pop21,c
700,pop21,b
700,pop2,e
700,pop2,c
700,pop2,a
700,pop2,d
700,pop23,a
700,pop23,c
700,pop23,d
700,pop10,c
700,pop10,b
700,pop5,c
700,pop5,a
700,pop9,c
700,pop9,b
700,pop35,a
700,pop35,c
700,pop58,a
700,pop58,c
700,pop58,d
700,pop68,a
700,pop44,b
700,pop44,c
700,pop44,a
700,pop6,e
700,pop6,c
700,pop6,b
700,pop71,c
700,pop71,a
700,pop71,b
700,pop7,b
700,pop7,a
700,pop67,b
700,pop67,c
700,pop3,c
700,pop3,b
700,pop3,a
700,pop62,b
700,pop61,a
700,pop61,e
700,pop61,b
700,pop51,b
700,pop51,c
700,pop1,a
700,pop1,c
700,pop1,b
700,pop45,c
700,pop45,d
700,pop16,a
700,pop16,b
700,pop16,c
700,pop70,b
700,pop70,c
700,pop70,a
700,pop0,a
700,pop0,b
800,pop11,b
800,pop11,a
800,pop11,c
800,pop11,d
800,pop14,a
800,pop14,c
800,pop14,d
800,pop14,b
800,pop14,e
800,pop17,a
800,pop17,b
800,pop17,e
800,pop17,c
800,pop18,b
800,pop18,a
800,pop18,d
800,pop18,e
800,pop18,c
800,pop19,b
800,pop19,a
800,pop19,c
800,pop19,e
800,pop19,d
800,pop20,e
800,pop20,a
800,pop20,b
800,pop20,c
800,pop22,b
800,pop22,d
800,pop22,a
800,pop22,c
800,pop22,e
800,pop24,a
800,pop24,b
800,pop24,c
800,pop24,d
800,pop27,a
800,pop27,b
800,pop27,c
800,pop29,a
800,pop29,b
800,pop29,c
800,pop30,d
800,pop30,a
800,pop30,c
800,pop30,e
800,pop31,a
800,pop31,b
800,pop31,c
800,pop31,d
800,pop31,e
800,pop32,a
800,pop32,b
800,pop32,c
800,pop36,b
800,pop36,d
800,pop36,e
800,pop36,a
800,pop37,b
800,pop37,a
800,pop37,c
800,pop38,a
800,pop38,c
800,pop38,b
800,pop38,d
800,pop42,d
800,pop42,e
800,pop42,a
800,pop42,b
800,pop42,c
800,pop46,a
800,pop46,d
800,pop46,b
800,pop46,c
800,pop48,b
800,pop48,a
800,pop48,c
800,pop48,e
800,pop52,b
800,pop52,a
800,pop52,c
800,pop52,d
800,pop52,e
800,pop54,b
800,pop54,a
800,pop54,c
800,pop55,b
800,pop55,a
800,pop55,d
800,pop55,e
800,pop55,c
800,pop57,c
800,pop57,d
800,pop57,e
800,pop57,b
800,pop57,a
800,pop59,c
800,pop59,a
800,pop59,e
800,pop59,b
800,pop59,d
800,pop60,d
800,pop60,e
800,pop60,a
800,pop60,b
800,pop63,d
800,pop63,a
800,pop63,e
800,pop63,b
800,pop63,c
800,pop64,a
800,pop64,b
800,pop64,d
800,pop64,c
800,pop64,e
800,pop65,b
800,pop65,c
800,pop65,a
800,pop65,d
800,pop65,e
800,pop66,c
800,pop66,b
800,pop66,a
800,pop66,d
800,pop66,e
800,pop72,e
800,pop72,b
800,pop72,a
800,pop72,c
800,pop15,b
800,pop15,a
800,pop15,e
800,pop34,c
800,pop34,a
800,pop34,d
800,pop34,e
800,pop53,c
800,pop53,a
800,pop53,e
800,pop53,d
800,pop53,b
800,pop41,d
800,pop41,b
800,pop41,a
800,pop41,c
800,pop41,e
800,pop21,e
800,pop21,b
800,pop21,a
800,pop21,c
800,pop2,e
800,pop2,c
800,pop2,d
800,pop2,b
800,pop23,c
800,pop23,b
800,pop23,e
800,pop23,a
800,pop10,c
800,pop10,b
800,pop10,a
800,pop5,a
800,pop5,c
800,pop5,e
800,pop5,b
800,pop9,c
800,pop9,a
800,pop35,e
800,pop35,b
800,pop35,d
800,pop58,a
800,pop58,b
800,pop58,c
800,pop68,d
800,pop68,e
800,pop44,e
800,pop44,c
800,pop44,b
800,pop6,c
800,pop6,b
800,pop6,e
800,pop71,a
800,pop71,b
800,pop71,c
800,pop13,c
800,pop13,a
800,pop13,b
800,pop7,b
800,pop7,c
800,pop7,a
800,pop67,a
800,pop67,b
800,pop67,c
800,pop3,d
800,pop3,c
800,pop3,b
800,pop3,a
800,pop62,b
800,pop62,a
800,pop62,c
800,pop1,b
800,pop1,c
800,pop1,a
800,pop45,c
800,pop45,a
800,pop16,b
800,pop16,e
800,pop16,a
800,pop0,e
800,pop47,a
800,pop47,d
800,pop47,e
800,pop28,c
900,pop11,a
900,pop11,b
900,pop11,c
900,pop11,e
900,pop14,b
900,pop14,a
900,pop14,c
900,pop14,d
900,pop14,e
900,pop17,d
900,pop17,e
900,pop18,b
900,pop18,c
900,pop18,d
900,pop18,e
900,pop18,a
900,pop19,b
900,pop19,a
900,pop19,c
900,pop20,a
900,pop20,c
900,pop20,b
900,pop20,d
900,pop20,e
900,pop22,b
900,pop22,e
900,pop22,a
900,pop22,c
900,pop24,c
900,pop24,a
900,pop24,d
900,pop27,c
900,pop27,b
900,pop27,d
900,pop27,e
900,pop27,a
900,pop29,c
900,pop29,b
900,pop29,a
900,pop29,d
900,pop30,a
900,pop30,c
900,pop30,d
900,pop30,e
900,pop31,a
900,pop31,b
900,pop31,c
900,pop32,a
900,pop32,b
900,pop32,d
900,pop32,e
900,pop32,c
900,pop36,a
900,pop36,c
900,pop36,e
900,pop36,d
900,pop36,b
900,pop37,a
900,pop37,c
900,pop37,b
900,pop37,d
900,pop37,e
900,pop38,b
900,pop38,a
900,pop38,c
900,pop38,d
900,pop42,b
900,pop42,d
900,pop42,c
900,pop42,e
900,pop46,a
900,pop46,c
900,pop46,b
900,pop46,d
900,pop48,b
900,pop48,c
900,pop48,a
900,pop52,a
900,pop52,b
900,pop52,d
900,pop52,e
900,pop52,c
900,pop54,b
900,pop54,a
900,pop54,c
900,pop55,b
900,pop55,d
900,pop55,e
900,pop55,a
900,pop57,a
900,pop57,b
900,pop57,e
900,pop57,d
900,pop57,c
900,pop59,b
900,pop59,c
900,pop59,d
900,pop60,b
900,pop60,c
900,pop60,a
900,pop60,d
900,pop60,e
900,pop63,b
900,pop63,d
900,pop63,a
900,pop63,e
900,pop63,c
900,pop64,a
900,pop64,c
900,pop64,b
900,pop64,d
900,pop64,e
900,pop65,d
900,pop65,c
900,pop65,e
900,pop65,b
900,pop65,a
900,pop66,b
900,pop66,e
900,pop66,d
900,pop66,a
900,pop72,a
900,pop72,b
900,pop72,c
900,pop72,d
900,pop15,b
900,pop15,a
900,pop15,e
900,pop34,a
900,pop34,c
900,pop34,b
900,pop34,e
900,pop53,e
900,pop53,a
900,pop53,c
900,pop53,b
900,pop41,c
900,pop41,b
900,pop41,a
900,pop41,e
900,pop21,a
900,pop2,e
900,pop2,b
900,pop2,c
900,pop23,d
900,pop23,e
900,pop23,b
900,pop23,c
900,pop10,d
900,pop10,b
900,pop5,e
900,pop5,c
900,pop5,b
900,pop9,c
900,pop9,b
900,pop9,a
900,pop35,a
900,pop35,c
900,pop58,b
900,pop58,a
900,pop58,c
900,pop68,b
900,pop44,a
900,pop44,c
900,pop44,b
900,pop6,a
900,pop6,c
900,pop6,d
900,pop71,a
900,pop13,c
900,pop13,a
900,pop3,c
900,pop3,a
900,pop3,e
900,pop62,b
900,pop62,a
900,pop62,c
900,pop61,a
900,pop51,a
900,pop1,c
900,pop1,b
900,pop1,a
900,pop45,c
900,pop45,b
900,pop45,a
900,pop16,d
900,pop16,e
900,pop70,b
900,pop70,c
900,pop33,e
900,pop33,c
900,pop0,b
900,pop0,c
900,pop49,c
1000.0,pop11,d
1000.0,pop11,e
1000.0,pop11,c
1000.0,pop11,a
1000.0,pop11,b
1000.0,pop14,a
1000.0,pop14,c
1000.0,pop14,d
1000.0,pop14,e
1000.0,pop14,b
1000.0,pop17,b
1000.0,pop17,c
1000.0,pop17,a
1000.0,pop18,b
1000.0,pop18,a
1000.0,pop18,c
1000.0,pop19,e
1000.0,pop19,a
1000.0,pop19,d
1000.0,pop19,b
1000.0,pop20,d
1000.0,pop20,e
1000.0,pop20,a
1000.0,pop20,c
1000.0,pop22,d
1000.0,pop22,b
1000.0,pop22,a
1000.0,pop22,c
1000.0,pop24,a
1000.0,pop24,e
1000.0,pop24,d
1000.0,pop24,c
1000.0,pop24,b
1000.0,pop27,b
1000.0,pop27,d
1000.0,pop27,e
1000.0,pop27,a
1000.0,pop29,b
1000.0,pop29,a
1000.0,pop29,d
1000.0,pop29,e
1000.0,pop29,c
1000.0,pop30,b
1000.0,pop30,a
1000.0,pop30,c
1000.0,pop30,e
1000.0,pop30,d
1000.0,pop31,a
1000.0,pop31,c
1000.0,pop31,b
1000.0,pop31,d
1000.0,pop31,e
1000.0,pop32,c
1000.0,pop32,a
1000.0,pop32,b
1000.0,pop32,d
1000.0,pop32,e
1000.0,pop36,c
1000.0,pop36,b
1000.0,pop36,a
1000.0,pop36,d
1000.0,pop37,b
1000.0,pop37,c
1000.0,pop37,a
1000.0,pop38,b
1000.0,pop38,e
1000.0,pop38,c
1000.0,pop38,a
1000.0,pop42,b
1000.0,pop42,c
1000.0,pop42,d
1000.0,pop42,e
1000.0,pop46,c
1000.0,pop46,a
1000.0,pop46,b
1000.0,pop46,d
1000.0,pop46,e
1000.0,pop48,a
1000.0,pop48,c
1000.0,pop48,d
1000.0,pop48,b
1000.0,pop48,e
1000.0,pop52,b
1000.0,pop52,a
1000.0,pop52,c
1000.0,pop54,b
1000.0,pop54,a
1000.0,pop54,c
1000.0,pop55,c
1000.0,pop55,b
1000.0,pop55,a
1000.0,pop55,d
1000.0,pop55,e
1000.0,pop57,a
1000.0,pop57,d
1000.0,pop57,b
1000.0,pop57,e
1000.0,pop57,c
1000.0,pop59,c
1000.0,pop59,b
1000.0,pop59,d
1000.0,pop59,e
1000.0,pop60,a
1000.0,pop60,b
1000.0,pop60,c
1000.0,pop60,d
1000.0,pop60,e
1000.0,pop63,b
1000.0,pop63,c
1000.0,pop63,a
1000.0,pop63,d
1000.0,pop63,e
1000.0,pop64,e
1000.0,pop64,b
1000.0,pop64,a
1000.0,pop64,d
1000.0,pop65,a
1000.0,pop65,b
1000.0,pop65,c
1000.0,pop66,d
1000.0,pop66,e
1000.0,pop66,a
1000.0,pop66,b
1000.0,pop72,b
1000.0,pop72,a
1000.0,pop72,c
1000.0,pop72,d
1000.0,pop15,b
1000.0,pop15,e
1000.0,pop15,a
1000.0,pop15,d
1000.0,pop15,c
1000.0,pop34,b
1000.0,pop34,c
1000.0,pop53,b
1000.0,pop53,c
1000.0,pop41,c
1000.0,pop41,a
1000.0,pop41,b
1000.0,pop21,d
1000.0,pop21,e
1000.0,pop21,b
1000.0,pop2,c
1000.0,pop2,b
1000.0,pop2,d
1000.0,pop23,b
1000.0,pop23,a
1000.0,pop23,d
1000.0,pop23,c
1000.0,pop23,e
1000.0,pop10,d
1000.0,pop10,e
1000.0,pop10,a
1000.0,pop10,c
1000.0,pop10,b
1000.0,pop5,b
1000.0,pop5,a
1000.0,pop5,c
1000.0,pop9,c
1000.0,pop9,a
1000.0,pop9,b
1000.0,pop9,d
1000.0,pop35,e
1000.0,pop35,a
1000.0,pop58,c
1000.0,pop58,a
1000.0,pop68,a
1000.0,pop68,c
1000.0,pop68,b
1000.0,pop44,c
1000.0,pop44,a
1000.0,pop44,b
1000.0,pop6,a
1000.0,pop6,e
1000.0,pop71,a
1000.0,pop71,b
1000.0,pop71,c
1000.0,pop13,d
1000.0,pop13,e
1000.0,pop7,a
1000.0,pop7,e
1000.0,pop7,b
1000.0,pop7,c
1000.0,pop3,c
1000.0,pop3,b
1000.0,pop62,a
1000.0,pop62,e
1000.0,pop61,e
1000.0,pop25,c
1000.0,pop25,e
1000.0,pop1,c
1000.0,pop1,a
1000.0,pop45,b
1000.0,pop45,c
1000.0,pop45,a
1000.0,pop16,e
1000.0,pop16,a
1000.0,pop33,b
1000.0,pop0,b
1000.0,pop0,c
1000.0,pop43,e
1000.0,pop4,a
1000.0,pop4,c
